date,open,close,high,low,volume,code
2016-01-08,12.023,12.04,12.4,10.93,242274.0,300274
2016-01-11,11.548,10.876,11.985,10.876,139548.0,300274
2016-01-12,10.93,11.094,11.324,10.663,122370.0,300274
2016-01-13,11.171,10.575,11.351,10.548,92864.0,300274
2016-01-14,10.111,11.127,11.247,10.045,108595.0,300274
2016-01-15,10.958,10.493,11.1,10.389,104130.0,300274
2016-01-18,10.378,11.094,11.4,10.275,146772.0,300274
2016-01-19,11.007,11.575,11.613,10.99,131111.0,300274
2016-01-20,11.477,11.482,11.674,11.138,125033.0,300274
2016-01-21,11.302,10.739,11.564,10.739,126298.0,300274
2016-01-22,10.947,11.001,11.16,10.504,105830.0,300274
2016-01-25,11.193,11.204,11.346,11.04,65464.0,300274
2016-01-26,11.094,10.083,11.094,10.083,134045.0,300274
2016-01-27,10.116,9.876,10.165,9.291,118272.0,300274
2016-01-28,9.755,9.143,9.947,9.127,95984.0,300274
2016-01-29,9.231,9.783,9.968,9.231,102835.0,300274
2016-02-01,9.821,9.941,10.143,9.733,99813.0,300274
2016-02-02,9.93,10.384,10.564,9.865,103900.0,300274
2016-02-03,10.302,11.422,11.422,10.143,213617.0,300274
2016-02-04,11.493,11.46,11.772,11.296,173277.0,300274
2016-02-05,11.389,11.204,11.657,11.16,101443.0,300274
2016-02-15,10.93,11.351,11.531,10.723,105623.0,300274
2016-02-16,11.368,11.92,12.182,11.368,127751.0,300274
2016-02-17,11.925,11.848,11.947,11.592,97729.0,300274
2016-02-18,11.958,11.63,11.985,11.586,99992.0,300274
2016-02-19,11.542,11.603,11.761,11.477,71974.0,300274
2016-02-22,11.832,11.832,12.231,11.777,138227.0,300274
2016-02-23,11.887,12.007,12.073,11.624,84035.0,300274
2016-02-24,11.887,11.668,12.051,11.4,94541.0,300274
2016-02-25,11.723,10.504,11.794,10.504,136241.0,300274
2016-02-26,10.646,10.428,10.739,9.963,119145.0,300274
2016-02-29,10.422,9.591,10.482,9.384,123074.0,300274
2016-03-01,9.657,10.089,10.089,9.395,152185.0,300274
2016-03-02,10.072,10.591,10.684,9.974,136760.0,300274
2016-03-03,10.57,10.482,10.881,10.477,114527.0,300274
2016-03-04,10.438,9.805,10.499,9.641,119634.0,300274
2016-03-07,10.045,10.034,10.373,9.925,107030.0,300274
2016-03-08,10.154,10.51,10.51,9.619,136401.0,300274
2016-03-09,10.253,10.182,10.504,10.149,95799.0,300274
2016-03-10,10.165,9.925,10.318,9.925,71964.0,300274
2016-03-11,9.848,9.963,10.023,9.766,59104.0,300274
2016-03-14,10.1,10.493,10.75,10.1,127621.0,300274
2016-03-15,10.482,10.471,10.777,10.384,123897.0,300274
2016-03-16,10.712,10.356,10.761,10.171,115654.0,300274
2016-03-17,10.499,11.209,11.247,10.384,186540.0,300274
2016-03-18,11.209,11.466,11.619,11.1,266362.0,300274
2016-03-21,11.592,11.701,11.805,11.477,191700.0,300274
2016-03-22,11.641,11.515,11.674,11.482,117551.0,300274
2016-03-23,11.488,11.57,11.685,11.34,125998.0,300274
2016-03-24,11.761,11.433,12.133,11.422,239826.0,300274
2016-03-25,11.335,11.586,11.635,11.264,119567.0,300274
2016-03-28,11.641,11.821,12.062,11.608,188257.0,300274
2016-03-29,11.821,11.395,11.936,11.231,135073.0,300274
2016-03-30,11.592,12.094,12.165,11.542,187610.0,300274
2016-03-31,12.144,12.062,12.34,11.969,187147.0,300274
2016-04-01,12.029,11.958,12.078,11.537,123707.0,300274
2016-04-05,11.854,12.406,12.532,11.854,183950.0,300274
2016-04-06,12.461,12.625,12.745,12.302,199567.0,300274
2016-04-07,13.1,12.559,13.171,12.515,272834.0,300274
2016-04-08,12.57,12.723,12.865,12.461,212881.0,300274
2016-04-11,12.881,13.362,13.526,12.881,220600.0,300274
2016-04-12,13.515,13.28,13.871,13.067,232086.0,300274
2016-04-13,13.504,13.187,13.816,13.133,277429.0,300274
2016-04-14,13.379,13.144,13.439,12.849,223947.0,300274
2016-04-15,13.067,13.078,13.286,12.952,152843.0,300274
2016-04-18,13.051,12.761,13.051,12.586,120871.0,300274
2016-04-19,12.761,12.86,12.985,12.685,100879.0,300274
2016-04-20,12.898,12.04,12.936,11.756,201977.0,300274
2016-04-21,12.04,12.253,12.553,11.859,184131.0,300274
2016-04-22,12.127,12.444,12.444,11.991,123773.0,300274
2016-04-25,12.45,13.116,13.198,12.193,230114.0,300274
2016-04-26,12.958,13.258,13.258,12.843,216362.0,300274
2016-04-27,12.952,12.455,13.002,12.45,317651.0,300274
2016-04-28,12.433,12.461,12.488,11.952,156830.0,300274
2016-04-29,12.351,12.28,12.428,12.269,70588.0,300274
2016-05-03,12.308,12.701,12.761,12.193,127446.0,300274
2016-05-04,12.614,12.761,12.969,12.603,146433.0,300274
2016-05-05,12.788,12.832,12.991,12.712,121903.0,300274
2016-05-06,12.87,12.1,12.898,12.1,173989.0,300274
2016-05-09,11.969,11.586,11.985,11.433,117936.0,300274
2016-05-10,11.586,11.619,11.723,11.515,58288.0,300274
2016-05-11,11.646,11.395,11.75,11.378,86195.0,300274
2016-05-12,11.149,11.63,11.821,11.045,161290.0,300274
2016-05-13,11.548,11.712,11.909,11.504,115549.0,300274
2016-05-16,11.619,11.838,11.848,11.466,107677.0,300274
2016-05-17,11.756,11.641,11.909,11.455,132052.0,300274
2016-05-18,11.526,11.094,11.559,10.876,115733.0,300274
2016-05-19,11.094,11.083,11.4,11.04,95622.0,300274
2016-05-20,11.034,11.209,11.225,10.892,108190.0,300274
2016-05-23,11.231,11.575,11.685,11.231,153711.0,300274
2016-05-24,11.564,11.357,11.57,11.258,92773.0,300274
2016-05-25,11.477,11.286,11.575,11.204,81781.0,300274
2016-05-26,11.346,11.34,11.395,10.941,103646.0,300274
2016-05-27,11.34,11.253,11.362,11.127,83372.0,300274
2016-05-30,11.122,11.258,11.433,10.93,75591.0,300274
2016-05-31,11.329,11.92,11.958,11.302,190060.0,300274
2016-06-01,12.012,12.04,12.264,11.93,178736.0,300274
2016-06-02,12.045,12.187,12.329,11.996,139474.0,300274
2016-06-03,12.144,12.286,12.417,12.133,150035.0,300274
2016-06-06,12.247,12.881,12.881,12.247,219882.0,300274
2016-06-07,13.116,13.138,13.477,12.685,320634.0,300274
2016-06-08,13.018,12.942,13.144,12.788,178315.0,300274
2016-06-13,12.728,12.089,13.007,12.067,183199.0,300274
2016-06-14,12.067,12.482,12.559,11.925,137495.0,300274
2016-06-15,12.302,13.597,13.728,12.297,433258.0,300274
2016-06-16,13.554,13.657,14.171,13.422,416859.0,300274
2016-06-17,13.728,13.412,13.963,13.28,224377.0,300274
2016-06-27,13.116,13.657,13.739,13.045,209899.0,300274
2016-06-28,13.554,13.657,13.936,13.444,171702.0,300274
2016-06-29,13.805,13.39,13.827,13.33,163394.0,300274
2016-06-30,13.39,13.335,13.504,13.215,138521.0,300274
2016-07-01,13.368,13.379,13.652,13.297,128765.0,300274
2016-07-04,13.39,13.614,13.767,13.308,166690.0,300274
2016-07-05,13.718,13.521,13.8,13.335,155475.0,300274
2016-07-06,13.444,13.417,13.641,13.335,124918.0,300274
2016-07-07,13.515,13.936,14.035,13.461,239107.0,300274
2016-07-08,13.98,13.816,14.062,13.723,140331.0,300274
2016-07-11,13.887,13.444,13.92,13.412,208811.0,300274
2016-07-12,13.34,13.444,13.581,13.056,167831.0,300274
2016-07-13,13.488,13.57,13.745,13.335,146294.0,300274
2016-07-14,13.499,13.592,13.696,13.395,111216.0,300274
2016-07-15,13.843,13.499,13.854,13.499,247568.0,300274
2016-07-18,13.406,13.149,13.461,13.133,148794.0,300274
2016-07-19,13.193,13.362,13.406,13.133,107623.0,300274
2016-07-20,13.368,13.455,13.641,13.291,132018.0,300274
2016-07-21,13.461,13.532,13.718,13.406,127790.0,300274
2016-07-22,13.575,13.745,13.843,13.51,200601.0,300274
2016-07-25,13.707,13.712,13.882,13.554,151265.0,300274
2016-07-26,13.718,13.8,13.931,13.668,165500.0,300274
2016-07-27,13.772,12.707,13.8,12.575,290683.0,300274
2016-07-28,12.788,12.701,12.832,12.466,146885.0,300274
2016-07-29,12.734,12.439,12.767,12.406,93948.0,300274
2016-08-01,12.4,12.439,12.586,12.062,97321.0,300274
2016-08-02,12.439,12.521,12.564,12.395,51714.0,300274
2016-08-03,12.477,12.411,12.614,12.335,71077.0,300274
2016-08-04,12.433,12.543,12.564,12.346,62730.0,300274
2016-08-05,12.57,12.411,12.597,12.34,58387.0,300274
2016-08-08,12.411,12.559,12.564,12.297,54787.0,300274
2016-08-09,12.521,12.723,12.734,12.51,88524.0,300274
2016-08-10,12.734,12.592,12.778,12.586,65777.0,300274
2016-08-11,12.57,12.351,12.586,12.329,83312.0,300274
2016-08-12,12.351,12.537,12.553,12.351,60049.0,300274
2016-08-15,12.521,12.985,13.084,12.515,136602.0,300274
2016-08-16,12.903,12.991,13.1,12.832,138172.0,300274
2016-08-17,12.985,13.193,13.319,12.931,151118.0,300274
2016-08-18,13.204,13.084,13.237,13.051,81584.0,300274
2016-08-19,13.105,13.258,13.368,13.089,132912.0,300274
2016-08-22,13.308,12.778,13.335,12.767,132118.0,300274
2016-08-23,12.778,12.838,13.018,12.739,68365.0,300274
2016-08-24,12.843,12.996,13.073,12.843,79238.0,300274
2016-08-25,12.788,12.963,13.007,12.712,80136.0,300274
2016-08-26,13.067,12.898,13.204,12.887,81323.0,300274
2016-08-29,12.876,12.925,13.007,12.794,66174.0,300274
2016-08-30,12.952,12.931,13.034,12.876,47584.0,300274
2016-08-31,12.898,13.073,13.095,12.838,89798.0,300274
2016-09-01,13.105,12.958,13.105,12.952,62002.0,300274
2016-09-02,12.98,12.936,13.177,12.909,84229.0,300274
2016-09-05,12.996,13.095,13.155,12.996,73565.0,300274
2016-09-06,13.16,13.187,13.198,12.903,107481.0,300274
2016-09-07,13.204,13.111,13.308,13.073,113275.0,300274
2016-09-08,13.166,13.018,13.166,13.002,86465.0,300274
2016-09-09,12.92,12.594,13.068,12.594,171520.0,300274
2016-09-12,12.149,12.297,12.515,12.08,188840.0,300274
2016-09-13,12.376,12.436,12.465,12.218,96097.0,300274
2016-09-14,12.317,12.228,12.426,12.189,79118.0,300274
2016-09-19,12.228,12.248,12.396,12.208,66312.0,300274
2016-09-20,12.287,12.357,12.406,12.199,76493.0,300274
2016-09-21,12.357,12.307,12.455,12.228,73994.0,300274
2016-09-22,12.406,12.248,12.436,12.228,71459.0,300274
2016-09-23,12.278,12.159,12.317,12.1,73192.0,300274
2016-09-26,12.1,11.576,12.139,11.537,135964.0,300274
2016-09-27,11.576,11.626,11.705,11.339,145332.0,300274
2016-09-28,11.675,11.655,11.685,11.507,73796.0,300274
2016-09-29,11.636,11.665,11.744,11.596,69295.0,300274
2016-09-30,11.665,11.547,11.695,11.547,57650.0,300274
2016-10-10,11.655,12.021,12.07,11.566,117654.0,300274
2016-10-11,11.971,11.942,12.041,11.833,89723.0,300274
2016-10-12,11.883,11.892,11.962,11.843,66752.0,300274
2016-10-13,11.883,11.764,11.942,11.734,93507.0,300274
2016-10-14,11.754,11.734,11.764,11.596,72480.0,300274
2016-10-17,11.744,11.537,11.774,11.468,71122.0,300274
2016-10-18,11.547,11.883,11.922,11.507,155683.0,300274
2016-10-19,11.883,11.715,11.902,11.655,94253.0,300274
2016-10-20,11.655,11.794,11.813,11.616,101735.0,300274
2016-10-21,11.744,11.636,11.784,11.557,93061.0,300274
2016-10-24,11.645,11.813,11.912,11.645,115252.0,300274
2016-10-25,11.883,11.863,11.942,11.813,87366.0,300274
2016-10-26,11.912,11.754,11.932,11.754,69117.0,300274
2016-10-27,11.754,11.813,11.873,11.685,67691.0,300274
2016-10-28,11.863,11.764,11.942,11.744,109004.0,300274
2016-10-31,11.764,11.576,11.764,11.468,93670.0,300274
2016-11-01,11.576,11.636,11.675,11.566,59424.0,300274
2016-11-02,11.566,11.319,11.655,11.28,155771.0,300274
2016-11-03,11.28,11.349,11.517,11.221,121033.0,300274
2016-11-04,11.349,11.329,11.468,11.27,71033.0,300274
2016-11-07,11.329,11.29,11.389,11.26,63239.0,300274
2016-11-08,11.349,11.399,11.438,11.319,63741.0,300274
2016-11-09,11.438,11.191,11.438,11.132,104144.0,300274
2016-11-10,11.339,11.369,11.408,11.26,76889.0,300274
2016-11-11,11.497,11.408,11.497,11.26,105235.0,300274
2016-11-14,11.438,11.606,11.606,11.379,140147.0,300274
2016-11-15,11.616,11.655,11.655,11.468,124211.0,300274
2016-11-16,11.675,11.675,11.813,11.626,140773.0,300274
2016-11-17,11.626,11.557,11.655,11.468,88199.0,300274
2016-11-18,11.596,11.507,11.606,11.478,73359.0,300274
2016-11-21,11.517,11.418,11.527,11.359,75788.0,300274
2016-11-22,11.458,11.547,11.547,11.399,104787.0,300274
2016-11-23,11.586,11.448,11.626,11.428,97526.0,300274
2016-11-24,11.448,11.27,11.517,11.25,93342.0,300274
2016-11-25,11.28,11.487,11.487,11.171,102881.0,300274
2016-11-28,11.537,11.468,11.586,11.408,86540.0,300274
2016-11-29,11.418,11.379,11.487,11.359,101988.0,300274
2016-11-30,11.349,11.408,11.557,11.329,82524.0,300274
2016-12-01,11.438,11.586,11.616,11.408,113583.0,300274
2016-12-02,11.606,11.329,11.616,11.29,96550.0,300274
2016-12-05,11.26,11.339,11.507,11.221,76723.0,300274
2016-12-06,11.359,11.231,11.418,11.171,69508.0,300274
2016-12-07,11.24,11.28,11.29,11.191,53032.0,300274
2016-12-08,11.27,11.161,11.3,11.142,65010.0,300274
2016-12-09,11.161,10.964,11.211,10.944,95118.0,300274
2016-12-12,10.984,10.193,11.003,10.144,153311.0,300274
2016-12-13,10.193,10.174,10.253,10.124,67461.0,300274
2016-12-14,10.184,9.956,10.233,9.927,72646.0,300274
2016-12-15,9.947,10.026,10.164,9.907,68683.0,300274
2016-12-16,10.045,10.124,10.213,10.035,54566.0,300274
2016-12-19,10.174,10.114,10.174,10.006,64243.0,300274
2016-12-20,10.144,10.075,10.144,10.045,34304.0,300274
2016-12-21,10.134,10.105,10.154,10.065,48768.0,300274
2016-12-22,10.114,10.085,10.124,10.035,48108.0,300274
2016-12-23,10.085,10.085,10.154,10.016,57170.0,300274
2016-12-26,10.026,10.114,10.114,9.907,53155.0,300274
2016-12-27,10.114,10.065,10.144,10.065,30662.0,300274
2016-12-28,10.075,10.075,10.114,10.045,31676.0,300274
2016-12-29,10.055,10.105,10.184,10.045,50047.0,300274
2016-12-30,10.164,10.411,10.51,10.114,144547.0,300274
2017-01-03,10.411,10.342,10.44,10.302,66125.0,300274
2017-01-04,10.401,10.431,10.46,10.282,83009.0,300274
2017-01-05,10.431,10.342,10.45,10.312,55892.0,300274
2017-01-06,10.342,10.174,10.342,10.174,62243.0,300274
2017-01-09,10.174,10.184,10.243,10.134,46994.0,300274
2017-01-10,10.223,10.124,10.223,10.114,39387.0,300274
2017-01-11,10.114,10.026,10.174,9.976,44799.0,300274
2017-01-12,10.026,10.006,10.114,9.986,33378.0,300274
2017-01-13,9.996,9.917,10.085,9.907,42361.0,300274
2017-01-16,9.956,9.472,9.976,9.117,105089.0,300274
2017-01-17,9.413,9.611,9.7,9.334,62172.0,300274
2017-01-18,9.601,9.591,9.611,9.512,42580.0,300274
2017-01-19,9.571,9.463,9.591,9.433,40645.0,300274
2017-01-20,9.472,9.63,9.7,9.463,49843.0,300274
2017-01-23,9.63,9.719,9.729,9.611,40751.0,300274
2017-01-24,9.858,10.026,10.164,9.838,119132.0,300274
2017-01-25,9.996,10.006,10.055,9.907,39051.0,300274
2017-01-26,10.006,10.016,10.105,9.976,38363.0,300274
2017-02-03,10.035,10.035,10.085,9.937,32568.0,300274
2017-02-06,10.045,10.213,10.312,10.035,65927.0,300274
2017-02-07,10.243,10.105,10.263,10.035,53509.0,300274
2017-02-08,10.105,10.184,10.193,10.045,46605.0,300274
2017-02-09,10.213,10.243,10.253,10.134,69391.0,300274
2017-02-10,10.322,10.263,10.45,10.203,91075.0,300274
2017-02-13,10.213,10.272,10.332,10.184,57232.0,300274
2017-02-14,10.272,10.184,10.302,10.154,45765.0,300274
2017-02-15,10.154,10.055,10.243,10.055,54908.0,300274
2017-02-16,10.075,10.065,10.124,10.016,44818.0,300274
2017-02-17,10.075,9.986,10.124,9.986,54869.0,300274
2017-02-20,9.966,10.134,10.134,9.897,55601.0,300274
2017-02-21,10.154,10.272,10.312,10.114,89909.0,300274
2017-02-22,10.312,10.223,10.312,10.174,75621.0,300274
2017-02-23,10.223,10.272,10.282,10.174,59851.0,300274
2017-02-24,10.233,10.539,10.569,10.233,150976.0,300274
2017-02-27,10.539,10.401,10.579,10.332,114874.0,300274
2017-02-28,10.421,10.332,10.431,10.223,110214.0,300274
2017-03-01,10.312,10.282,10.401,10.223,79868.0,300274
2017-03-02,10.322,10.381,10.44,10.263,99386.0,300274
2017-03-03,10.361,10.44,10.47,10.253,84781.0,300274
2017-03-06,10.44,10.559,10.628,10.44,149540.0,300274
2017-03-07,10.579,10.559,10.648,10.47,100400.0,300274
2017-03-08,10.549,10.519,10.638,10.48,84605.0,300274
2017-03-09,10.5,10.332,10.519,10.312,83171.0,300274
2017-03-10,10.312,10.332,10.371,10.292,48788.0,300274
2017-03-13,10.302,10.381,10.411,10.203,78248.0,300274
2017-03-14,10.391,10.352,10.519,10.312,76253.0,300274
2017-03-15,10.263,10.282,10.352,10.253,52100.0,300274
2017-03-16,10.312,10.401,10.45,10.312,60939.0,300274
2017-03-17,10.431,10.401,10.549,10.361,120772.0,300274
2017-03-20,10.47,10.45,10.47,10.371,73812.0,300274
2017-03-21,10.45,10.421,10.45,10.352,56720.0,300274
2017-03-22,10.371,10.302,10.371,10.233,69474.0,300274
2017-03-23,10.302,10.263,10.352,10.174,60753.0,300274
2017-03-24,10.253,10.263,10.302,10.184,71419.0,300274
2017-03-27,10.263,10.184,10.312,10.174,88206.0,300274
2017-03-28,10.174,10.164,10.272,10.144,44767.0,300274
2017-03-29,10.174,10.045,10.213,10.045,62969.0,300274
2017-03-30,10.045,9.828,10.075,9.808,79212.0,300274
2017-03-31,9.907,9.996,9.996,9.838,52043.0,300274
2017-04-05,10.006,10.233,10.233,10.006,68649.0,300274
2017-04-06,10.223,10.223,10.302,10.184,61473.0,300274
2017-04-07,10.263,10.263,10.322,10.144,88463.0,300274
2017-04-10,10.193,10.045,10.213,10.026,86608.0,300274
2017-04-11,10.035,10.055,10.114,9.956,68831.0,300274
2017-04-12,10.055,10.085,10.174,9.986,64851.0,300274
2017-04-13,10.075,10.144,10.154,10.035,51945.0,300274
2017-04-14,10.095,9.956,10.154,9.947,49345.0,300274
2017-04-17,10.006,9.907,10.055,9.887,39635.0,300274
2017-04-18,9.907,9.828,10.026,9.818,50285.0,300274
2017-04-19,9.789,9.828,9.897,9.69,55796.0,300274
2017-04-20,9.868,9.769,9.868,9.69,48201.0,300274
2017-04-21,9.769,9.759,9.858,9.729,43322.0,300274
2017-04-24,9.759,9.472,9.798,9.472,63416.0,300274
2017-04-25,9.492,9.512,9.63,9.492,33381.0,300274
2017-04-26,9.482,9.492,9.571,9.443,56342.0,300274
2017-04-27,9.472,9.65,9.66,9.364,76498.0,300274
2017-04-28,9.66,9.601,9.709,9.561,46425.0,300274
2017-05-02,9.591,9.63,9.68,9.561,43975.0,300274
2017-05-03,9.621,9.502,9.621,9.403,60281.0,300274
2017-05-04,9.492,9.63,9.709,9.453,76185.0,300274
2017-05-05,9.561,9.482,9.581,9.463,56347.0,300274
2017-05-08,9.463,9.413,9.532,9.334,45768.0,300274
2017-05-09,9.384,9.463,9.492,9.334,45401.0,300274
2017-05-10,9.433,9.097,9.512,9.067,80135.0,300274
2017-05-11,9.038,9.107,9.206,8.979,73680.0,300274
2017-05-12,9.137,8.88,9.137,8.781,92220.0,300274
2017-05-15,8.88,8.771,8.959,8.742,63549.0,300274
2017-05-16,8.781,8.969,8.988,8.564,89557.0,300274
2017-05-17,8.939,9.295,9.423,8.909,170836.0,300274
2017-05-18,9.186,9.324,9.403,9.186,87935.0,300274
2017-05-19,9.275,9.522,9.68,9.245,124839.0,300274
2017-05-22,9.522,9.423,9.729,9.403,81155.0,300274
2017-05-23,9.403,9.305,9.542,9.305,70741.0,300274
2017-05-24,9.384,9.601,9.65,9.245,76442.0,300274
2017-05-25,9.581,9.591,9.798,9.522,72070.0,300274
2017-05-26,9.66,9.601,9.759,9.522,69499.0,300274
2017-05-31,9.7,9.63,9.798,9.621,49352.0,300274
2017-06-01,9.67,9.482,9.709,9.482,48857.0,300274
2017-06-02,9.502,9.482,9.551,9.235,80932.0,300274
2017-06-05,9.522,9.897,9.976,9.492,152448.0,300274
2017-06-06,9.877,10.114,10.292,9.838,142832.0,300274
2017-06-07,10.105,10.213,10.312,10.035,123519.0,300274
2017-06-08,10.223,10.727,10.816,10.223,288370.0,300274
2017-06-09,10.766,10.707,10.806,10.519,126356.0,300274
2017-06-12,10.648,10.579,10.737,10.51,90882.0,300274
2017-06-13,10.618,10.668,10.668,10.519,90213.0,300274
2017-06-14,10.687,10.756,10.964,10.687,156280.0,300274
2017-06-15,10.766,10.816,11.211,10.668,232876.0,300274
2017-06-16,10.816,10.569,10.816,10.539,133408.0,300274
2017-06-19,10.668,10.598,10.697,10.49,81933.0,300274
2017-06-20,10.579,10.539,10.677,10.519,69638.0,300274
2017-06-21,10.559,10.638,10.737,10.51,76714.0,300274
2017-06-22,10.589,10.332,10.677,10.312,100746.0,300274
2017-06-23,10.342,10.628,10.638,10.342,118909.0,300274
2017-06-26,10.549,10.648,10.756,10.51,124155.0,300274
2017-06-27,10.648,10.638,10.717,10.539,85480.0,300274
2017-06-28,10.638,10.697,10.756,10.49,99001.0,300274
2017-06-29,10.796,10.935,11.064,10.737,136975.0,300274
2017-06-30,10.915,11.005,11.074,10.757,131786.0,300274
2017-07-03,11.054,11.263,11.292,10.975,186515.0,300274
2017-07-04,11.253,11.154,11.253,11.104,84237.0,300274
2017-07-05,11.154,11.144,11.213,11.025,85069.0,300274
2017-07-06,11.134,11.015,11.203,10.896,134235.0,300274
2017-07-07,10.995,11.015,11.044,10.826,88038.0,300274
2017-07-10,10.915,10.677,10.985,10.667,109871.0,300274
2017-07-11,10.677,10.628,10.836,10.568,61220.0,300274
2017-07-12,10.657,10.776,10.776,10.548,64019.0,300274
2017-07-13,11.025,10.776,11.025,10.747,71990.0,300274
2017-07-14,10.816,10.776,10.925,10.727,58782.0,300274
2017-07-17,10.747,10.072,10.757,9.973,142758.0,300274
2017-07-18,10.062,10.251,10.33,10.002,108167.0,300274
2017-07-19,10.251,10.737,10.806,10.161,121702.0,300274
2017-07-20,10.747,11.094,11.263,10.747,214161.0,300274
2017-07-21,11.054,11.074,11.154,10.935,95238.0,300274
2017-07-24,11.025,11.332,11.412,11.025,213286.0,300274
2017-07-25,11.332,11.342,11.441,11.163,100903.0,300274
2017-07-26,11.243,11.402,11.61,11.223,176791.0,300274
2017-07-27,11.362,11.61,11.789,11.352,239744.0,300274
2017-07-28,11.6,12.017,12.056,11.57,257773.0,300274
2017-07-31,12.096,12.543,12.791,12.096,375381.0,300274
2017-08-01,12.592,12.285,12.662,12.215,190664.0,300274
2017-08-02,12.305,12.225,12.463,12.205,202491.0,300274
2017-08-03,12.205,12.066,12.443,11.997,205800.0,300274
2017-08-04,12.047,11.908,12.176,11.888,142435.0,300274
2017-08-07,11.818,12.116,12.235,11.808,128747.0,300274
2017-08-08,12.116,12.364,12.404,12.066,150130.0,300274
2017-08-09,12.334,12.056,12.404,12.027,123533.0,300274
2017-08-10,12.007,11.957,12.176,11.838,83032.0,300274
2017-08-11,11.918,12.007,12.295,11.808,153448.0,300274
2017-08-14,12.116,12.374,12.503,12.096,148252.0,300274
2017-08-15,12.513,12.245,12.692,12.215,147611.0,300274
2017-08-16,12.354,12.682,12.692,12.235,194586.0,300274
2017-08-17,12.672,12.453,12.701,12.324,176691.0,300274
2017-08-18,12.384,12.265,12.453,12.176,125456.0,300274
2017-08-21,12.245,12.225,12.344,12.176,71398.0,300274
2017-08-22,12.215,12.295,12.404,12.176,98788.0,300274
2017-08-23,12.305,12.632,12.85,12.245,248327.0,300274
2017-08-24,12.632,12.632,12.84,12.543,147293.0,300274
2017-08-25,12.563,12.701,12.741,12.513,94410.0,300274
2017-08-28,12.731,12.95,13.039,12.662,204738.0,300274
2017-08-29,12.95,12.632,12.989,12.602,170405.0,300274
2017-08-30,12.612,12.701,12.771,12.513,116922.0,300274
2017-08-31,12.701,12.622,12.751,12.563,63560.0,300274
2017-09-01,12.622,12.622,12.672,12.374,110181.0,300274
2017-09-04,12.642,13.198,13.247,12.553,279906.0,300274
2017-09-05,13.188,13.108,13.684,13.079,291639.0,300274
2017-09-06,13.247,13.188,13.297,12.83,162864.0,300274
2017-09-07,13.188,12.811,13.446,12.811,228815.0,300274
2017-09-08,12.751,12.751,12.89,12.662,93465.0,300274
2017-09-11,12.821,13.595,13.644,12.801,257788.0,300274
2017-09-12,13.733,13.972,14.775,13.644,577130.0,300274
2017-09-13,13.882,15.033,15.371,13.872,753612.0,300274
2017-09-14,15.262,15.301,15.49,14.795,532245.0,300274
2017-09-15,15.113,14.904,15.668,14.815,366076.0,300274
2017-09-18,15.113,15.46,15.53,14.964,248898.0,300274
2017-09-19,15.381,16.522,16.919,15.381,498825.0,300274
2017-09-20,16.462,16.8,16.81,16.085,283313.0,300274
2017-09-21,16.661,15.788,16.661,15.539,345697.0,300274
2017-09-22,16.413,16.204,17.008,16.006,481096.0,300274
2017-09-25,16.452,15.877,16.71,15.837,275363.0,300274
2017-09-26,15.48,15.678,16.234,15.48,234260.0,300274
2017-09-27,15.917,16.433,16.621,15.53,269837.0,300274
2017-09-28,16.403,16.601,16.919,16.175,230818.0,300274
2017-09-29,16.641,16.7,16.8,16.373,144251.0,300274
2017-10-09,16.939,16.452,17.365,16.274,210255.0,300274
2017-10-10,16.581,16.323,16.611,15.678,235113.0,300274
2017-10-11,16.155,16.105,16.313,15.837,116273.0,300274
2017-10-12,16.125,15.897,16.423,15.887,150175.0,300274
2017-10-13,16.065,16.621,16.691,15.986,193737.0,300274
2017-10-16,16.869,16.373,16.909,16.026,166373.0,300274
2017-10-17,16.224,17.147,17.216,16.085,249721.0,300274
2017-10-18,17.117,16.929,17.613,16.671,268398.0,300274
2017-10-19,16.889,16.691,17.365,16.373,183249.0,300274
2017-10-20,16.671,16.562,17.008,16.373,140287.0,300274
2017-10-23,16.591,16.73,16.929,16.472,185001.0,300274
2017-10-24,16.72,16.631,16.75,16.204,151473.0,300274
2017-10-25,16.621,16.72,16.75,16.254,140237.0,300274
2017-10-26,16.631,17.385,17.742,16.492,409361.0,300274
2017-10-27,17.365,16.939,17.455,16.7,270405.0,300274
2017-10-30,17.167,17.653,17.861,16.621,414496.0,300274
2017-10-31,17.772,19.171,19.211,17.762,360312.0,300274
2017-11-01,19.003,19.241,19.727,18.854,310402.0,300274
2017-11-02,19.042,18.834,19.538,18.755,181004.0,300274
2017-11-03,18.824,18.328,18.993,18.169,238092.0,300274
2017-11-06,18.457,19.796,19.816,18.407,247686.0,300274
2017-11-07,19.777,19.33,19.796,19.102,255321.0,300274
2017-11-08,19.35,19.479,19.836,19.092,211551.0,300274
2017-11-09,19.39,19.697,19.995,19.122,201924.0,300274
2017-11-10,19.916,20.66,21.215,19.707,427984.0,300274
2017-11-13,20.838,21.563,22.495,20.65,387848.0,300274
2017-11-14,21.87,21.007,22.366,20.749,332337.0,300274
2017-11-15,21.295,20.432,21.295,20.045,271362.0,300274
2017-11-16,20.441,20.759,21.067,20.084,273987.0,300274
2017-11-17,20.789,19.558,21.285,18.854,427069.0,300274
2017-11-20,19.449,20.233,20.273,18.447,365918.0,300274
2017-11-21,19.945,19.519,20.322,18.655,473218.0,300274
2017-11-22,19.34,19.469,19.985,18.854,298979.0,300274
2017-11-23,19.171,17.524,19.529,17.524,444800.0,300274
2017-11-24,17.167,17.395,17.99,17.167,302190.0,300274
2017-11-27,17.455,17.087,17.643,16.75,208807.0,300274
2017-11-28,17.226,17.613,17.683,16.988,222553.0,300274
2017-11-29,17.594,17.236,17.643,16.988,176832.0,300274
2017-11-30,17.316,16.313,17.355,16.264,309209.0,300274
2017-12-01,16.492,16.472,16.76,16.313,226318.0,300274
2017-12-04,16.532,16.7,17.048,16.532,237720.0,300274
2017-12-05,16.78,16.452,17.038,16.274,163955.0,300274
2017-12-06,16.462,16.323,16.77,15.41,289335.0,300274
2017-12-07,16.234,16.135,16.433,15.877,154579.0,300274
2017-12-08,16.194,16.909,17.028,16.175,244687.0,300274
2017-12-11,17.107,17.901,18.129,16.77,311795.0,300274
2017-12-12,17.782,17.504,17.871,17.266,189327.0,300274
2017-12-13,17.336,17.792,17.832,17.216,133478.0,300274
2017-12-14,17.703,17.713,17.941,17.544,117301.0,300274
2017-12-15,17.643,17.395,18.09,17.276,115338.0,300274
2017-12-18,17.395,17.236,17.524,16.79,120063.0,300274
2017-12-19,17.296,17.256,17.693,17.147,120270.0,300274
2017-12-20,17.197,17.603,17.723,17.137,153212.0,300274
2017-12-21,17.594,18.516,18.854,17.375,230360.0,300274
2017-12-22,18.457,19.261,19.846,18.387,334639.0,300274
2017-12-25,19.191,19.191,19.697,18.874,181364.0,300274
2017-12-26,19.052,18.933,19.132,18.358,175544.0,300274
2017-12-27,18.854,18.576,19.191,18.506,132178.0,300274
2017-12-28,18.556,18.774,18.933,18.368,133889.0,300274
2017-12-29,18.755,18.626,19.181,18.516,128737.0,300274
2018-01-02,18.834,19.042,19.082,18.586,165635.0,300274
2018-01-03,19.35,19.191,19.35,18.834,183123.0,300274
2018-01-04,19.122,18.804,19.132,18.417,209968.0,300274
2018-01-05,18.755,18.0,18.774,17.663,337950.0,300274
2018-01-08,17.871,17.435,18.01,16.978,281231.0,300274
2018-01-09,17.336,17.107,17.415,16.978,204831.0,300274
2018-01-10,17.097,16.671,17.236,16.591,205406.0,300274
2018-01-11,16.641,16.988,17.167,16.581,148146.0,300274
2018-01-12,16.978,16.8,17.246,16.77,125613.0,300274
2018-01-15,16.79,16.125,16.79,15.966,193509.0,300274
2018-01-16,16.125,15.827,16.254,15.589,165492.0,300274
2018-01-17,15.847,16.423,16.661,15.46,214427.0,300274
2018-01-18,16.433,16.859,17.207,16.383,236433.0,300274
2018-01-19,16.869,16.869,17.355,16.79,147450.0,300274
2018-01-22,16.869,17.008,17.246,16.79,159287.0,300274
2018-01-23,16.889,17.197,17.306,16.849,132029.0,300274
2018-01-24,17.068,17.484,17.613,16.869,190575.0,300274
2018-01-25,17.484,17.216,17.861,17.038,156796.0,300274
2018-01-26,17.068,17.246,17.554,16.949,105679.0,300274
2018-01-29,17.167,16.968,17.564,16.869,109547.0,300274
2018-01-30,16.869,17.336,17.445,16.869,113833.0,300274
2018-01-31,16.76,16.74,17.018,15.599,171502.0,300274
2018-02-01,16.75,16.621,17.365,16.562,157981.0,300274
2018-02-02,16.234,15.797,16.929,15.678,204897.0,300274
2018-02-05,15.351,14.885,15.678,14.716,268394.0,300274
2018-02-06,14.488,14.369,14.845,14.2,157631.0,300274
2018-02-07,14.785,14.686,15.033,13.902,214887.0,300274
2018-02-08,14.746,14.428,14.885,14.299,206646.0,300274
2018-02-09,13.902,13.714,14.22,13.386,213276.0,300274
2018-02-12,13.972,14.984,15.023,13.942,178386.0,300274
2018-02-13,15.152,14.984,15.351,14.716,136822.0,300274
2018-02-14,14.954,14.845,15.004,14.617,77453.0,300274
2018-02-22,15.043,15.272,15.341,14.756,99218.0,300274
2018-02-23,15.242,14.845,15.262,14.706,107540.0,300274
2018-02-26,15.043,16.333,16.333,14.865,265338.0,300274
2018-02-27,16.145,16.373,16.829,16.115,217543.0,300274
2018-02-28,16.055,16.353,16.81,16.055,158566.0,300274
2018-03-01,16.363,17.147,17.266,16.184,256343.0,300274
2018-03-02,17.018,16.681,17.246,16.641,170519.0,300274
2018-03-05,16.77,16.81,16.909,16.542,135102.0,300274
2018-03-06,16.899,16.949,17.306,16.78,177234.0,300274
2018-03-07,16.968,17.097,17.345,16.601,184347.0,300274
2018-03-08,17.028,16.949,17.316,16.889,106105.0,300274
2018-03-09,16.939,17.584,17.713,16.919,214350.0,300274
2018-03-12,17.663,18.229,18.616,17.663,271619.0,300274
2018-03-13,18.278,18.01,18.308,17.941,162198.0,300274
2018-03-14,17.891,17.752,18.139,17.752,148305.0,300274
2018-03-15,17.594,17.703,17.762,17.197,131920.0,300274
2018-03-16,17.643,17.127,17.921,17.127,140307.0,300274
2018-03-19,16.988,17.822,17.931,16.829,190445.0,300274
2018-03-20,17.663,17.663,17.852,17.395,112230.0,300274
2018-03-21,17.842,17.524,18.417,17.395,186563.0,300274
2018-03-22,17.524,17.802,18.09,17.524,184943.0,300274
2018-03-23,17.048,16.145,17.256,16.095,226082.0,300274
2018-03-26,15.629,17.762,17.762,15.629,258241.0,300274
2018-03-27,18.06,18.318,18.536,17.961,277129.0,300274
2018-03-28,18.06,18.635,18.854,17.961,255087.0,300274
2018-03-29,18.655,18.665,18.804,18.209,175764.0,300274
2018-03-30,18.804,19.032,19.102,18.506,264675.0,300274
2018-04-02,19.082,18.794,19.211,18.288,303892.0,300274
2018-04-03,18.457,18.506,18.804,18.169,212369.0,300274
2018-04-04,18.685,17.643,18.685,17.623,177204.0,300274
2018-04-09,17.544,17.981,18.239,17.524,205652.0,300274
2018-04-10,18.239,18.01,18.338,17.623,155735.0,300274
2018-04-11,18.258,17.931,18.348,17.772,155179.0,300274
2018-04-12,17.901,17.842,18.209,17.633,99436.0,300274
2018-04-13,17.901,17.336,18.06,17.008,183566.0,300274
2018-04-16,17.167,17.107,17.524,16.77,178507.0,300274
2018-04-17,17.137,16.472,17.445,16.442,214244.0,300274
2018-04-18,16.661,17.296,17.544,16.373,197085.0,300274
2018-04-19,17.266,18.02,18.328,17.197,279735.0,300274
2018-04-20,17.981,17.713,18.229,17.584,178679.0,300274
2018-04-23,17.613,17.901,17.931,17.385,151651.0,300274
2018-04-24,17.931,18.645,18.804,17.762,302240.0,300274
2018-04-25,18.616,18.348,18.645,18.169,189159.0,300274
2018-04-26,18.377,18.05,18.437,17.861,130691.0,300274
2018-04-27,18.169,18.03,18.248,17.693,129868.0,300274
2018-05-02,18.06,17.901,18.437,17.653,143602.0,300274
2018-05-03,17.931,17.703,18.04,17.097,191717.0,300274
2018-05-04,17.574,17.395,17.901,17.286,162362.0,300274
2018-05-07,17.554,18.586,18.824,17.355,307132.0,300274
2018-05-08,18.655,18.804,18.814,18.397,219749.0,300274
2018-05-09,18.804,18.725,18.953,18.467,151997.0,300274
2018-05-10,18.814,19.013,19.191,18.477,240317.0,300274
2018-05-11,19.013,18.497,19.013,18.318,188648.0,300274
2018-05-14,18.417,18.04,18.417,17.762,230453.0,300274
2018-05-15,18.08,18.03,18.169,17.683,184021.0,300274
2018-05-16,17.961,17.871,18.189,17.564,167951.0,300274
2018-05-17,17.891,17.286,17.891,17.117,234399.0,300274
2018-05-18,17.286,16.73,17.296,16.512,252121.0,300274
2018-05-21,16.859,16.939,17.127,16.691,257214.0,300274
2018-05-22,16.929,16.482,16.939,16.095,310695.0,300274
2018-05-23,16.502,16.055,16.661,16.036,234201.0,300274
2018-05-24,16.055,16.105,16.304,16.026,151735.0,300274
2018-05-25,16.055,15.579,16.115,15.44,231219.0,300274
2018-05-28,15.688,14.974,15.708,14.825,272587.0,300274
2018-05-29,15.033,14.964,15.381,14.904,190893.0,300274
2018-05-30,14.676,14.765,15.033,14.448,177064.0,300274
2018-05-31,14.894,14.18,14.944,13.922,319383.0,300274
2018-06-01,14.051,13.853,14.428,13.803,196835.0,300274
2018-06-04,12.463,12.463,12.463,12.463,42540.0,300274
2018-06-05,11.213,11.213,11.213,11.213,36311.0,300274
2018-06-06,10.717,10.35,10.876,10.092,1331552.0,300274
2018-06-07,10.24,10.21,10.41,10.13,631565.0,300274
2018-06-08,10.25,9.94,10.27,9.82,495767.0,300274
2018-06-11,9.91,9.59,10.16,9.5,509101.0,300274
2018-06-12,9.85,9.97,10.05,9.71,474184.0,300274
2018-06-13,9.95,9.62,9.96,9.6,331952.0,300274
2018-06-14,9.61,9.66,9.74,9.4,327886.0,300274
2018-06-15,9.65,9.16,9.67,9.12,373621.0,300274
2018-06-19,9.01,8.47,9.18,8.27,408433.0,300274
2018-06-20,8.46,8.74,8.88,8.46,347048.0,300274
2018-06-21,8.83,8.46,8.85,8.35,377774.0,300274
2018-06-22,8.37,8.83,8.88,8.33,363451.0,300274
2018-06-25,8.96,8.66,9.04,8.62,324625.0,300274
2018-06-26,8.52,8.77,9.01,8.52,371141.0,300274
2018-06-27,8.78,8.9,9.07,8.7,363181.0,300274
2018-06-28,8.99,8.7,9.04,8.61,330686.0,300274
2018-06-29,8.68,8.97,9.02,8.67,323932.0,300274
2018-07-02,8.99,8.48,9.01,8.36,445054.0,300274
2018-07-03,8.55,8.83,8.96,8.44,455495.0,300274
2018-07-04,8.9,8.68,8.96,8.57,326187.0,300274
2018-07-05,8.73,8.33,8.82,8.33,293114.0,300274
2018-07-06,8.34,8.42,8.56,8.08,387707.0,300274
2018-07-09,8.5,8.57,8.57,8.43,221854.0,300274
2018-07-10,8.62,8.23,8.63,8.03,553768.0,300274
2018-07-11,8.06,7.93,8.17,7.83,344808.0,300274
2018-07-12,7.96,8.28,8.31,7.96,366705.0,300274
2018-07-13,8.3,8.13,8.35,8.12,277269.0,300274
2018-07-16,8.19,8.06,8.3,8.01,347926.0,300274
2018-07-17,8.11,8.06,8.13,7.91,245180.0,300274
2018-07-18,8.09,7.8,8.15,7.79,511840.0,300274
2018-07-19,7.85,7.59,7.88,7.56,376849.0,300274
2018-07-20,7.62,7.75,7.77,7.53,293273.0,300274
2018-07-23,7.75,7.8,7.82,7.63,271026.0,300274
2018-07-24,7.85,8.31,8.47,7.78,731722.0,300274
2018-07-25,8.26,8.09,8.31,8.05,513340.0,300274
2018-07-26,8.12,8.16,8.24,8.05,393919.0,300274
2018-07-27,8.14,8.02,8.29,8.01,369892.0,300274
2018-07-30,7.97,7.81,8.06,7.75,312819.0,300274
2018-07-31,7.84,7.85,7.94,7.77,187303.0,300274
2018-08-01,7.86,7.81,7.93,7.77,232122.0,300274
2018-08-02,7.77,7.39,7.77,7.25,347837.0,300274
2018-08-03,7.36,7.32,7.5,7.31,182897.0,300274
2018-08-06,7.26,6.83,7.26,6.75,356957.0,300274
2018-08-07,6.89,7.07,7.09,6.82,299599.0,300274
2018-08-08,7.12,7.26,7.78,7.11,605315.0,300274
2018-08-09,7.11,7.4,7.51,7.03,408569.0,300274
2018-08-10,7.4,7.44,7.53,7.32,227103.0,300274
2018-08-13,7.33,7.41,7.45,7.24,201931.0,300274
2018-08-14,7.4,7.36,7.48,7.33,165893.0,300274
2018-08-15,7.31,7.0,7.35,6.94,347528.0,300274
2018-08-16,6.89,6.97,7.07,6.86,204422.0,300274
2018-08-17,7.06,6.76,7.1,6.73,250680.0,300274
2018-08-20,6.78,6.7,6.84,6.51,327917.0,300274
2018-08-21,6.7,6.8,6.84,6.61,239013.0,300274
2018-08-22,6.78,6.62,6.8,6.56,227977.0,300274
2018-08-23,6.62,6.67,6.7,6.55,226775.0,300274
2018-08-24,6.65,6.58,6.67,6.58,163959.0,300274
2018-08-27,6.66,6.8,6.86,6.62,332773.0,300274
2018-08-28,6.93,7.02,7.29,6.9,545268.0,300274
2018-08-29,7.04,6.9,7.08,6.89,231103.0,300274
